0.00109102
0.336737
0.539966
0.2004
0.116039
0.269524
0.892893
0.854247
0.336334
0.75898
0.177694
0.50794
0.953022
0.440917
0.484356
0.563596
0.360073
0.751378
0.411496
0.0150266
0.552498
0.841454
0.319016
0.702545
0.672267
0.792949
0.0909441
0.497046
0.855285
0.781139
0.59492
0.81755
0.561695
0.404335
0.65014
0.898916
0.0824718
0.104162
0.653186
0.105175
0.681206
0.0277453
0.315233
0.127374
0.780085
0.884089
0.880653
0.141332
0.373946
0.90766
0.0479904
0.574362
0.294695
0.944967
0.057141
0.368411
0.879663
0.496907
0.512986
0.75729
0.767277
0.630117
0.38458
0.642173
0.996265
0.229858
0.216244
0.410186
0.000929083
0.615094
0.879525
0.18279
0.156712
0.864412
0.17897
0.947825
0.0944485
0.395961
0.919052
0.509987
0.351386
0.74891
0.929203
0.119624
0.52874
0.539617
0.344147
0.0722297
0.963875
0.841378
0.0479745
0.308062
0.589916
0.718274
0.0277522
0.430391
0.574389
0.756796
0.46213
0.0177847
0.9068
0.588429
0.723104
0.215306
0.645632
0.144264
0.637465
0.881244
0.0624451
0.514161
0.505552
0.805023
0.0284016
0.345163
0.1468
0.273209
0.815862
0.198588
0.672441
0.715871
0.64022
0.172332
0.378705
0.894062
0.501197
0.617412
0.846368
0.912319
0.34068
0.803298
0.0343644
0.56294
0.333877
0.475477
0.342111
0.859366
0.364536
0.753877
0.417373
0.788456
0.572311
0.837117
0.422068
0.702426
0.665484
0.794078
0.0634641
0.640769
0.409639
0.799295
0.743742
0.0789036
0.132385
0.994808
0.731944
0.788705
0.765179
0.365585
0.39496
0.0895016
0.254187
0.112724
0.557976
0.908725
0.948916
0.432594
0.612729
0.12841
0.18305
0.519013
0.0544566
0.251482
0.651607
0.561073
0.962033
0.882461
0.520199
0.978554
0.548714
0.234665
0.0141696
0.148183
0.515443
0.0575959
0.0144918
0.563319
0.6949
0.180471
0.168621
0.00978917
0.526553
0.773831
0.776004
0.306655
0.95349
0.312765
0.638586
0.708318
0.707913
0.899207
0.969656
0.00750593
0.152236
0.638705
0.715375
0.310607
0.372873
0.878687
0.100006
0.797652
0.136444
0.214287
0.515291
0.496651
0.219456
0.38979
0.198732
0.0850445
0.343671
0.0704715
0.413899
0.403913
0.566595
0.756859
0.528222
0.83221
0.952579
0.992099
0.21065
0.397749
0.969164
0.738266
0.0352757
0.878143
0.948437
0.373531
0.943068
0.148775
0.465404
0.0460983
0.773601
0.904738
0.928977
0.314499
0.77691
0.521203
0.860556
0.370771
0.540196
0.0782873
0.774686
0.150619
0.44676
0.692713
0.423567
0.895868
0.856255
0.0840683
0.936032
0.885292
0.102551
0.582941
0.495119
0.456926
0.560292
0.823343
0.926784
0.462247
0.979284
0.828029
0.683515
0.829718
0.0697168
0.729624
0.795292
0.46486
0.901549
0.338876
0.489336
0.272634
0.156824
0.732747
0.274369
0.317155
0.429892
0.189178
0.51289
0.141904
0.973191
0.4248
0.621401
0.886069
0.16333
0.0799371
0.502088
0.594132
0.583128
0.635794
0.782081
0.442457
0.369383
0.222554
0.469965
0.701503
0.16572
0.255398
0.480702
0.152401
0.403237
0.202894
0.045382
0.734923
0.84826
0.71027
0.508571
0.556978
0.12161
0.891003
0.0859893
0.22281
0.771893
0.20905
0.498776
0.932063
0.180857
0.667309
0.464476
0.45068
0.580075
0.313728
0.818696
0.826921
0.0613342
0.843543
0.432006
0.725974
0.439084
0.692523
0.236059
0.448589
0.431842
0.975639
0.561113
0.625803
0.865349
0.918785
0.0135422
0.603653
0.601176
0.96216
0.0225503
0.00221524
0.231486
0.592688
0.304666
0.527834
0.310309
0.356812
0.942586
0.0481152
0.6724
0.0241763
0.330504
0.773956
0.880046
0.92562
0.888309
0.814231
0.782691
0.695971
0.182536
0.88969
0.0154011
0.845651
0.850749
0.536172
0.439024
0.676801
0.998839
0.478664
0.900421
0.378033
0.599993
0.0814211
0.444664
0.472642
0.700121
0.937033
0.705576
0.617611
0.184902
0.644296
0.680995
0.483324
0.218664
0.077848
0.391039
0.192075
0.206431
0.481452
0.763241
0.792792
0.459891
0.386504
0.96928
0.697089
0.970581
0.556209
0.196705
0.0215472
0.143018
0.710544
0.121065
0.747033
0.385061
0.722202
0.0556599
0.47615
0.657593
0.16653
0.873445
0.994364
0.280732
0.264436
0.384104
0.627736
0.355073
0.71177
0.72165
0.776059
0.225354
0.516752
0.0435107
0.284321
0.590482
0.232
0.231481
0.504446
0.216105
0.0778265
0.0300712
0.40621
0.17776
0.620067
0.472717
0.9572
0.668102
0.788032
0.46045
0.791342
0.0877631
0.034296
0.413012
0.486665
0.385487
0.878227
0.369173
0.691289
0.488417
0.824524
0.767546
0.145111
0.876871
0.57452
0.964121
0.985284
0.676041
0.214057
0.661767
0.315139
0.537729
0.613784
0.864676
0.617758
0.656673
0.697774
0.487483
0.119888
0.964186
0.0818292
0.304
0.320145
0.6731
0.800005
0.690366
0.987917
0.921292
0.157883
0.54363
0.790349
0.395957
0.843567
0.82802
0.538054
0.0683875
0.389198
0.258272
0.783417
0.889423
0.530312
0.959248
0.0863373
0.0704699
0.387211
0.860055
0.952446
0.759909
0.791943
0.181385
0.530438
0.0634146
0.809906
0.0949739
0.22708
0.528437
0.443445
0.987246
0.644261
0.0958722
0.323669
0.89796
0.018035
0.114068
0.146428
0.0097887
0.518625
0.526052
0.347813
0.694072
0.260279
0.507109
0.982389
0.0183602
0.580654
0.0553033
0.482051
0.838721
0.384341
0.617157
0.558739
0.724311
0.498547
0.0804248
0.699952
0.0864654
0.223152
0.513529
0.881952
0.964482
0.0523955
0.610938
0.0382974
0.665136
0.936322
0.764399
0.258898
0.297299
0.701712
0.675307
0.877273
0.330939
0.0897095
0.748277
0.289779
0.309676
0.718773
0.414826
0.98029
0.728682
0.96012
0.742732
0.0970989
0.940454
0.210208
0.961344
0.314391
0.96246
0.0634756
0.833869
0.841486
0.849409
0.0184474
0.0449522
0.512389
0.726623
0.361104
0.0689262
0.443001
0.512343
0.955108
0.497486
0.25187
0.171646
0.850847
0.177479
0.886264
0.446945
0.811255
0.759858
0.926182
0.339722
0.714091
0.727171
0.565337
0.610823
0.104589
0.834592
0.995735
0.324404
0.260947
0.737378
0.106116
0.496522
0.0385047
0.148981
0.930412
0.428732
0.695923
0.370895
0.631833
0.209858
0.0750694
0.691626
0.154794
0.630055
0.332474
0.885775
0.217197
0.433973
0.783751
0.507809
0.746127
0.15234
0.384392
0.482096
0.588933
0.202099
0.676527
0.384435
0.193388
0.269271
0.636201
0.635116
0.40204
0.0800781
0.872171
0.577129
0.809664
0.0311943
0.282889
0.50973
0.0316452
0.861358
0.838434
0.55526
0.250352
0.673601
0.209361
0.728348
0.350562
0.901543
0.22681
0.999748
0.760025
0.745584
0.0386742
0.99778
0.685296
0.766011
0.343943
0.645313
0.775656
0.45016
0.832009
0.58335
0.368917
0.386261
0.891906
0.27176
0.465429
0.469129
0.654125
0.883613
0.885908
0.449215
0.958849
0.376799
0.856233
0.700099
0.560608
0.13258
0.268429
0.489507
0.138478
0.40101
0.778417
0.862376
0.958616
0.466823
0.892654
0.837183
0.5412
0.948441
0.448532
0.469692
0.114578
0.709618
0.554534
0.0594831
0.733295
0.489559
0.0119557
0.938931
0.621612
0.42765
0.511682
0.844731
0.401136
0.891639
0.775166
0.218478
0.964894
0.972729
0.663961
0.199158
0.247237
0.308961
0.702604
0.661027
0.882489
0.000534228
0.978763
0.0697583
0.427862
0.0705985
0.549285
0.831719
0.700729
0.152104
0.405114
0.751404
0.84089
0.835773
0.838501
0.680942
0.593497
0.898303
0.775136
0.70564
0.68825
0.422782
0.696767
0.560392
0.508634
0.616394
0.734302
0.405442
0.261097
0.259903
0.182151
0.403524
0.0211751
0.890039
0.884716
0.426029
0.261681
0.0747566
0.433816
0.147955
0.685367
0.963297
0.126311
0.903108
0.531488
0.714906
0.427293
0.515783
0.772168
0.829722
0.14582
0.803076
0.301445
0.378743
0.530166
0.498004
0.951184
0.553141
0.635074
0.686467
0.44857
0.121957
0.736917
0.368381
0.373829
0.946584
0.229802
0.281963
0.955189
0.859987
0.796945
0.257792
0.710963
0.158607
0.709972
0.491227
0.0486791
0.150446
0.547129
0.599895
0.429721
0.315241
0.25863
0.80033
0.140947
0.902016
0.180671
0.53846
0.892919
0.288157
0.0543838
0.0292532
0.658308
0.189117
0.48823
0.688529
0.101988
0.114929
0.60361
0.873558
0.893996
0.395746
0.29945
0.861424
0.957135
0.566697
0.475107
0.123458
0.958277
0.754442
0.908004
0.824172
0.855061
0.00229351
0.546982
0.121808
0.225248
0.735259
0.491409
0.111646
0.436903
0.02405
0.208775
0.87959
0.277198
0.874855
0.690247
0.978818
0.987236
0.471228
0.926914
0.6456
0.602194
0.067183
0.145418
0.0370078
0.989763
0.954388
0.400815
0.500382
0.917501
0.447442
0.152317
0.9991
0.876786
0.138922
0.856104
0.545429
0.0236917
0.186932
0.759259
0.874142
0.703849
0.594765
0.212081
0.448182
0.592128
0.893371
0.890676
0.598711
0.528023
0.479159
0.218005
0.00391115
0.73463
0.930225
0.284965
0.413341
0.0246278
0.91899
0.471029
0.578472
0.386783
0.66554
0.736091
0.477796
0.31977
0.374118
0.795058
0.547246
0.55709
0.00516615
0.8274
0.107671
0.63276
0.797387
0.678505
0.632471
0.945742
0.0882571
0.337189
0.142461
0.350113
0.347993
0.714424
0.323479
0.713051
0.241301
0.550622
0.309842
0.513593
0.953585
0.907661
0.0667424
0.738902
0.725047
0.870683
0.567442
0.994621
0.598564
0.0567684
0.107174
0.281468
0.638255
0.151745
0.37755
0.47695
0.0903428
0.391521
0.290168
0.85504
0.664828
0.769095
0.17592
0.690209
0.344749
0.190254
0.59484
0.469176
0.442327
0.185795
0.653511
0.562651
0.480096
0.975413
0.766576
0.844599
0.180936
0.988823
0.146155
0.431754
0.48945
0.192834
0.953144
0.498547
0.0842363
0.758854
0.0662573
0.585766
0.971174
0.515076
0.87521
0.659513
0.428288
0.233738
0.430647
0.892095
0.444523
0.0955157
0.333115
0.665706
0.525057
0.62629
0.0543608
0.641879
0.0639465
0.74809
0.141301
0.841346
0.498102
0.594604
